250,68.361,6.5899
251,67.138,6.3585
252,67.264,7.0751
253,66.733,10.341
254,67.491,11.737
255,68.002,10.435
256,70.621,9.7688
257,72.509,7.651
258,74.852,6.9153
259,75.725,5.3466
260,75.942,6.2688
261,73.254,7.7358
262,72.484,9.3746
263,70.62,11.311
264,71.578,12.952
265,72.097,12.631
266,74.096,11.628
267,76.775,7.889
268,78.389,5.615
269,80.106,4.8255
270,80.342,4.2267
271,78.899,7.108
272,77.029,8.1275
273,74.599,10.597
274,75.119,11.773
275,74.01,12.499
276,75.501,11.182
277,78.391,11.544
278,78.985,8.4937
279,81.888,6.2909
280,83.995,4.0493
281,85.133,4.7121
282,85.387,5.4733
283,84.543,6.5479
284,80.918,7.5446
285,79.857,11.917
286,76.98,12.238
287,77.783,13.938
288,78.171,14.343
289,78.89,13.339
290,82.366,12.055
291,85.054,7.5432
292,87.306,7.9815
293,90.079,4.3474
294,90.733,3.7348
295,90.059,5.4486
296,88.841,4.9581
297,86.564,7.3747
298,84.656,11.347
299,85.064,11.689
300,81.539,13.213
301,79.73,14.863
302,81.575,14.903
303,81.387,14.222
304,85.339,11.827
305,86.034,8.5664
306,89.873,8.1698
307,92.288,4.0267
308,93.305,3.5741
309,93.794,2.8628
310,94.473,3.8846
311,93.948,5.8424
312,89.659,6.5382
313,87.844,9.328
314,85.932,11.584
315,83.297,13.311
316,82.392,14.795
317,81.637,14.542
318,82.778,15.892
319,82.572,14.233
320,84.88,13.512
321,86.257,11.587
322,89.97,9.2847
323,92.103,7.0202
324,94.573,6.5011
325,95.148,2.937
326,96.496,3.9739
327,95.813,3.6764
328,94.793,4.0901
329,92.761,5.3652
330,90.722,7.5352
331,88.938,11.078
332,86.205,11.465
333,84.338,13.991
334,83.589,15.01
335,81.402,14.943
336,83.178,16.065
337,82.69,15.441
338,83.794,14.605
339,85.455,12.874
340,87.657,11.808
341,90.179,8.6615
342,92.947,7.3679
343,93.683,5.254
344,94.962,3.5819
345,95.863,3.6707
346,96.562,1.6343
347,96.763,3.4549
348,94.926,4.0375
349,93.597,5.0583
350,91.686,6.8318
351,89.305,9.3488
352,86.898,11.604
353,85.804,12.754
354,83.31,14.881
355,83.002,15.183
356,82.19,16.457
357,82.354,16.33
358,82.874,15.996
359,83.399,15.032
360,84.687,14.248
361,85.683,12.569
362,88.044,10.944
363,89.967,9.3691
364,92.423,7.9236
365,94.171,5.5228
366,95.87,4.1466
367,96.771,3.0495
368,97.469,2.1409
369,97.105,2.0558
370,96.883,2.9313
371,95.813,3.7231
372,94.059,5.1326
373,92.398,6.4502
374,90.443,8.5136
375,88.791,10.111
376,87.19,11.869
377,85.546,13.685
378,84.329,15.059
379,83.441,15.717
380,82.708,16.193
381,82.364,16.63
382,82.546,16.217
383,83.066,15.977
384,83.993,15.446
385,84.992,14.613
386,86.609,13.333
387,87.873,11.745
388,89.648,9.9286
389,91.441,8.3343
390,93.133,6.6113
391,94.893,5.0603
392,96.126,3.6558
393,97.287,2.6683
394,97.865,2.1224
395,98.042,1.7058
396,97.723,2.3418
397,97.022,2.706
398,95.864,3.8309
399,94.486,5.1181
400,92.959,6.3059
401,91.521,8.0604
402,89.642,9.8673
403,88.064,11.243
404,86.639,12.685
405,85.368,13.924
406,84.348,14.909
407,83.436,15.904
408,82.907,16.402
409,82.766,16.91
410,82.628,16.906
411,82.684,16.602
412,83.221,16.208
413,83.796,15.735
414,84.815,14.839
415,85.899,13.83
416,87.099,12.579
417,88.518,11.261
418,90.081,9.7204
419,91.567,8.2631
420,93.044,6.6456
421,94.572,5.283
422,95.941,4.052
423,96.888,2.9902
424,97.716,2.1228
425,98.164,1.5783
426,98.372,1.4257
427,98.144,1.7164
428,97.545,2.3032
429,96.778,2.9475
430,95.624,4.0458
431,94.434,5.193
432,93.04,6.6163
433,91.618,7.9955
434,90.138,9.3577
435,88.761,10.792
436,87.543,12.059
437,86.33,13.281
438,85.306,14.268
439,84.359,15.153
440,83.685,15.911
441,83.21,16.443
442,82.845,16.827
443,82.602,16.974
444,82.668,17.052
445,82.782,16.915
446,83.175,16.478
447,83.616,16.012
448,84.327,15.362
449,85.266,14.628
450,86.2,13.576
451,87.353,12.488
452,88.508,11.291
453,89.849,10.062
454,91.135,8.7453
455,92.432,7.4312
456,93.747,6.216
457,95.05,4.9862
458,96.133,3.9455
459,97.058,2.9999
460,97.774,2.255
461,98.297,1.5543
462,98.674,1.2546
463,98.721,1.2341
464,98.499,1.4021
465,98.038,1.7589
466,97.351,2.4763
467,96.595,3.2361
468,95.562,4.218
469,94.473,5.2362
470,93.315,6.424
471,92.13,7.646
472,90.88,8.8222
473,89.667,10.024
474,88.512,11.166
475,87.429,12.262
476,86.436,13.236
477,85.576,14.145
478,84.754,14.935
479,84.067,15.594
480,83.537,16.12
481,83.14,16.517
482,82.835,16.837
483,82.681,17.029
484,82.629,17.132
485,82.688,17.03
486,82.921,16.88
487,83.23,16.562
488,83.63,16.141
489,84.181,15.554
490,84.869,14.912
491,85.649,14.209
492,86.461,13.368
493,87.437,12.419
494,88.421,11.502
495,89.506,10.44
496,90.607,9.3838
497,91.715,8.2487
498,92.816,7.1361
499,93.921,6.0484
500,94.938,5.0108
501,95.964,4.0341
502,96.821,3.2145
503,97.547,2.4578
504,98.146,1.8933
505,98.572,1.3989
506,98.858,1.0751
507,98.962,0.96663
508,98.896,1.0238
509,98.643,1.2398
510,98.252,1.584
511,97.703,2.1657
512,97.043,2.8066
513,96.252,3.5401
514,95.344,4.1774
515,94.414,5.1586
516,93.488,6.1527
517,92.423,7.0877
518,91.401,8.241
519,90.388,9.6255
520,89.405,12.823
521,88.5,16.063
522,87.572,13.154
523,86.748,13.126
524,85.994,13.117
525,85.299,13.348
526,84.679,14.226
527,84.177,14.33
528,83.701,15.14
529,83.307,15.733
530,83.03,15.87
531,82.832,16.135
532,82.699,16.238
533,82.678,16.283
534,82.704,16.219
535,82.832,16.099
536,83.031,15.918
537,83.308,15.623
538,83.685,15.325
539,84.155,14.947
540,84.659,14.492
541,85.242,13.966
542,85.872,13.434
543,86.554,12.783
544,87.337,12.101
545,88.133,11.407
546,88.991,10.624
547,89.869,9.8156
548,90.767,8.9252
549,91.667,8.125
550,92.582,7.2186
551,93.477,6.3586
552,94.379,5.5146
553,95.261,4.6719
554,96.03,3.8909
555,96.762,3.1868
556,97.386,2.536
557,97.957,1.9524
558,98.432,1.4923
559,98.803,1.1259
560,99.053,0.92031
561,99.154,0.77597
562,99.203,0.71499
563,99.09,0.84152
564,98.839,1.0718
565,98.536,1.3652
566,98.108,1.8172
567,97.602,2.2951
568,97.016,2.898
569,96.344,3.5256
570,95.655,6.3309
571,94.87,7.6749
572,94.097,10.023
573,93.275,15.698
574,92.421,10.553
575,91.593,8.8355
576,90.795,8.9304
577,89.963,9.6709
578,89.193,10.476
579,88.423,11.21
580,87.694,11.914
581,87.047,12.574
582,86.394,13.282
583,85.805,13.823
584,85.265,14.387
585,84.749,14.843
586,84.335,15.288
587,83.939,15.688
588,83.616,16.021
589,83.334,16.276
590,83.09,16.508
591,82.932,16.713
592,82.818,16.845
593,82.738,16.89
594,82.728,16.904
595,82.746,16.897
596,82.86,16.805
597,82.981,16.651
598,83.172,16.499
599,83.419,16.27
600,83.727,15.984
601,84.049,15.636
602,84.421,15.294
603,84.862,14.878
604,85.322,14.42
605,85.824,13.895
606,86.38,13.365
607,86.953,12.826
608,87.568,12.214
609,88.245,11.537
610,88.911,10.937
611,89.573,10.24
612,90.296,9.5386
613,91.056,8.8734
614,91.753,8.1654
615,92.5,7.4358
616,93.2,6.6966
617,93.928,6.0344
618,94.633,5.3315
619,95.291,4.6596
620,95.939,4.0127
621,96.565,3.4086
622,97.122,2.8742
623,97.666,2.3456
624,98.091,1.9087
625,98.476,1.5072
626,98.786,1.1941
627,99.062,0.91633
628,99.239,0.75935
629,99.359,0.58441
630,99.393,0.55027
631,99.376,0.59931
632,99.24,0.66896
633,99.076,0.85077
634,98.813,1.0787
635,98.518,1.3723
636,98.112,1.7329
637,97.675,2.1561
638,97.238,2.5651
639,96.738,3.1297
640,96.137,3.6347
641,95.552,4.1913
642,94.929,4.7927
643,94.302,5.3858
644,93.652,6.056
645,92.987,6.66
646,92.354,7.2884
647,91.656,7.9634
648,91.022,8.5942
649,90.396,9.2118
650,89.764,9.8326
651,89.162,10.409
652,88.567,11.005
653,88.014,11.54
654,87.453,12.091
655,86.967,12.604
656,86.459,13.081
657,85.986,13.541
658,85.558,13.931
659,85.178,14.35
660,84.799,14.708
661,84.456,15.057
662,84.095,15.347
663,83.83,15.635
664,83.608,15.866
665,83.378,16.09
666,83.212,16.268
667,83.055,16.423
668,82.932,16.531
669,82.854,16.641
670,82.796,16.673
671,82.774,16.694
672,82.787,16.713
673,82.845,16.621
674,82.939,16.57
675,83.029,16.449
676,83.163,16.331
677,83.313,16.176
678,83.515,15.99
679,83.751,15.791
680,83.996,15.545
681,84.286,15.276
682,84.588,14.975
683,84.913,14.673
684,85.273,14.301
685,85.67,13.943
686,86.083,13.546
687,86.51,13.106
688,86.983,12.716
689,87.423,12.263
690,87.934,11.776
691,88.456,11.282
692,88.969,10.792
693,89.483,10.243
694,90.035,9.7454
695,90.566,9.2066
696,91.154,8.6311
697,91.724,8.0905
698,92.269,7.5611
699,92.836,7.0385
700,93.428,6.4874
701,93.964,5.9559
702,94.52,5.372
703,95.029,4.9092
704,95.554,4.3686
705,96.05,3.9262
706,96.526,3.4102
707,96.992,2.976
708,97.43,2.5637
709,97.839,2.1761
710,98.171,1.8533
711,98.505,1.5296
712,98.785,1.1968
713,99.028,1.0169
714,99.202,0.79418
715,99.369,0.67615
716,99.483,0.53799
717,99.511,0.48098
718,99.565,0.41246
719,99.558,0.41535
720,99.409,0.47672
721,99.274,0.54914
722,99.123,0.75934
723,99.04,0.87155
724,98.789,1.0729
725,98.509,1.3721
726,98.264,1.6533
727,97.876,1.9842
728,97.488,2.3166
729,97.153,2.71
730,96.739,3.051
731,96.33,3.3809
732,95.879,3.8473
733,95.459,4.2744
734,94.96,4.7266
735,94.498,5.1881
736,94.001,5.6223
737,93.492,6.1304
738,92.963,6.6573
739,92.522,7.1221
740,92.018,7.5962
741,91.496,8.066
742,91.04,8.5578
743,90.509,9.0199
744,90.026,9.502
745,89.516,9.909
746,89.191,10.358
747,88.634,10.846
748,88.227,11.253
749,87.822,11.604
750,87.38,12.023
751,87.022,12.411
752,86.618,12.711
753,86.217,13.078
754,85.948,13.442
755,85.594,13.769
756,85.28,14.029
757,85.003,14.347
758,84.762,14.613
759,84.475,14.804
760,84.272,15.055
761,84.02,15.292
762,83.848,15.459
763,83.648,15.688
764,83.47,15.85
765,83.337,15.959
766,83.243,16.108
767,83.113,16.256
768,83,16.283
769,82.953,16.364
770,82.904,16.45
771,82.83,16.463
772,82.855,16.478
773,82.83,16.456
774,82.836,16.448
775,82.849,16.427
776,82.942,16.373
777,82.978,16.3
778,83.071,16.265
779,83.168,16.133
780,83.321,16.083
781,83.506,15.847
782,83.628,15.772
783,83.788,15.584
784,83.951,15.428
785,84.186,15.263
786,84.414,15.048
787,84.62,14.816
788,84.88,14.574
789,85.16,14.37
790,85.444,14.091
791,85.647,13.785
792,85.971,13.555
793,86.289,13.205
794,86.628,12.923
795,86.95,12.592
796,87.274,12.312
797,87.677,11.897
798,88.009,11.601
799,88.471,11.117
800,88.789,10.848
801,89.241,10.443
802,89.662,9.9902
803,90.005,9.6632
804,90.424,9.2464
805,90.797,8.8181
806,91.177,8.4346
807,91.685,8.0936
808,92.056,7.658
809,92.559,7.2474
810,92.905,6.8493
811,93.363,6.4689
812,93.742,6.0433
813,94.145,5.6262
814,94.608,5.2635
815,94.951,4.8659
816,95.353,4.5259
817,95.724,4.1476
818,96.099,3.8116
819,96.454,3.5098
820,96.768,3.1461
821,97.142,2.8058
822,97.391,2.5186
823,97.717,2.21
824,98.011,1.9264
825,98.26,1.6714
826,98.502,1.4952
827,98.69,1.2064
828,98.903,1.0763
829,99.102,0.86663
830,99.226,0.68057
831,99.372,0.57792
832,99.48,0.48621
833,99.547,0.43507
834,99.594,0.36382
835,99.606,0.31646
836,99.62,0.32715
837,99.604,0.32585
838,99.595,0.34274
839,99.492,0.42524
840,99.427,0.49582
841,99.346,0.58568
842,99.222,0.71307
843,99.029,0.82497
844,98.863,0.99282
845,98.651,1.1785
846,98.473,1.363
847,98.216,1.5811
848,98.018,1.8347
849,97.748,2.0335
850,97.472,2.314
851,97.203,2.5789
852,96.88,2.8526
853,96.553,3.1626
854,96.245,3.4463
855,95.906,3.76
856,95.557,4.1011
857,95.244,4.4076
858,94.882,4.7725
859,94.51,5.1089
860,94.17,5.4163
861,93.776,5.7764
862,93.41,6.1284
863,93.06,6.4634
864,92.688,6.8398
865,92.337,7.1537
866,91.986,7.4885
867,91.608,7.8378
868,91.23,8.1884
869,90.861,8.5478
870,90.546,8.8752
871,90.194,9.2015
872,89.839,9.5218
873,89.507,9.8436
874,89.174,10.177
875,88.835,10.497
876,88.532,10.797
877,88.229,11.088
878,87.909,11.38
879,87.637,11.646
880,87.328,11.937
881,87.049,12.198
882,86.785,12.462
883,86.507,12.716
884,86.268,12.966
885,85.997,13.194
886,85.784,13.428
887,85.546,13.654
888,85.32,13.863
889,85.131,14.059
890,84.938,14.246
891,84.738,14.441
892,84.557,14.609
893,84.385,14.784
894,84.214,14.934
895,84.062,15.083
896,83.931,15.219
897,83.79,15.347
898,83.668,15.464
899,83.555,15.578
900,83.437,15.687
901,83.333,15.777
902,83.252,15.863
903,83.182,15.938
904,83.108,16.001
905,83.052,16.058
906,82.997,16.109
907,82.97,16.149
908,82.924,16.176
909,82.902,16.205
910,82.894,16.219
911,82.879,16.221
912,82.892,16.215
913,82.906,16.203
914,82.926,16.183
915,82.96,16.159
916,83.007,16.119
917,83.052,16.074
918,83.114,16.022
919,83.187,15.957
920,83.246,15.886
921,83.322,15.805
922,83.418,15.726
923,83.527,15.631
924,83.616,15.526
925,83.743,15.414
926,83.867,15.299
927,83.995,15.177
928,84.138,15.045
929,84.287,14.91
930,84.445,14.764
931,84.61,14.61
932,84.785,14.446
933,84.961,14.287
934,85.132,14.113
935,85.334,13.935
936,85.522,13.757
937,85.725,13.551
938,85.953,13.343
939,86.169,13.148
940,86.401,12.933
941,86.612,12.722
942,86.846,12.504
943,87.09,12.282
944,87.338,12.041
945,87.591,11.798
946,87.852,11.563
947,88.123,11.311
948,88.375,11.064
949,88.643,10.817
950,88.924,10.552
951,89.207,10.287
952,89.473,10.028
953,89.757,9.7604
954,90.052,9.4912
955,90.323,9.234
956,90.629,8.9444
957,90.935,8.6603
958,91.217,8.3888
959,91.526,8.1038
960,91.803,7.8228
961,92.101,7.5437
962,92.406,7.2663
963,92.711,6.9753
964,93.008,6.6915
965,93.289,6.4252
966,93.602,6.148
967,93.874,5.8791
968,94.169,5.614
969,94.46,5.3312
970,94.755,5.0491
971,95.031,4.7902
972,95.307,4.5284
973,95.581,4.2684
974,95.821,4.0293
975,96.072,3.773
976,96.341,3.5232
977,96.576,3.2898
978,96.827,3.0614
979,97.063,2.8409
980,97.275,2.6254
981,97.479,2.4237
982,97.711,2.2158
983,97.92,2.0208
984,98.107,1.8395
985,98.291,1.6572
986,98.48,1.4891
987,98.619,1.3331
988,98.768,1.1815
989,98.924,1.0392
990,99.051,0.91335
991,99.167,0.79626
992,99.286,0.68668
993,99.381,0.59492
994,99.463,0.50534
995,99.534,0.42662
996,99.617,0.36205
997,99.66,0.30793
998,99.688,0.26587
999,99.724,0.23538
1000,99.746,0.21547
1001,99.75,0.20464
1002,99.745,0.20825
1003,99.729,0.22
1004,99.699,0.2459
1005,99.659,0.27949
1006,99.6,0.3239
1007,99.555,0.38075
1008,99.468,0.44857
1009,99.381,0.52417
1010,99.281,0.61309
1011,99.173,0.7107
1012,99.077,0.81274
1013,98.951,0.93146
1014,98.796,1.0607
1015,98.662,1.1948
1016,98.528,1.3356
1017,98.359,1.4841
1018,98.189,1.6417
1019,98.034,1.8012
1020,97.844,1.9781
1021,97.642,2.1582
1022,97.466,2.3375
1023,97.264,2.5351
1024,97.057,2.7325
1025,96.839,2.9307
1026,96.623,3.1466
1027,96.386,3.3643
1028,96.168,3.5766
1029,95.932,3.7971
1030,95.72,4.0206
1031,95.493,4.2404
1032,95.251,4.4794
1033,94.998,4.7239
1034,94.746,4.9622
1035,94.511,5.1959
1036,94.248,5.4301
1037,93.997,5.6708
1038,93.765,5.9025
1039,93.517,6.1573
1040,93.248,6.4101
1041,92.995,6.6397
1042,92.753,6.894
1043,92.496,7.1358
1044,92.249,7.3725
1045,91.989,7.6252
1046,91.742,7.8778
1047,91.501,8.1181
1048,91.235,8.3586
1049,90.988,8.6135
1050,90.776,6.8742
1051,90.528,7.1792
1052,90.242,7.2905
1053,90.042,7.3844
1054,89.769,7.6014
1055,89.637,7.9075
1056,89.307,7.9139
1057,89.206,8.1615
1058,88.888,8.3423
1059,88.707,8.5152
1060,88.396,8.648
1061,88.226,8.7973
1062,88.106,8.9769
1063,87.837,9.1891
1064,87.745,9.2406
1065,87.419,9.4829
1066,87.328,9.6453
1067,87.105,9.701
1068,86.929,9.8981
1069,86.79,10.038
1070,86.522,10.215
1071,86.346,10.36
1072,86.168,10.474
1073,86.059,10.621
1074,85.794,10.847
1075,85.67,10.966
1076,85.665,11.078
1077,85.448,11.167
1078,85.311,11.279
1079,85.232,11.381
1080,85.073,11.627
1081,84.889,11.586
1082,84.804,11.741
1083,84.661,11.824
1084,84.498,11.923
1085,84.406,12.024
1086,84.353,12.103
1087,84.195,12.184
1088,84.009,12.348
1089,84.008,12.417
1090,83.869,12.504
1091,83.763,12.602
1092,83.765,12.682
1093,83.658,12.656
1094,83.622,12.765
1095,83.42,12.883
1096,83.42,12.875
1097,83.363,12.97
1098,83.303,12.997
1099,83.232,13.028
1100,83.213,13.151
1101,83.144,13.131
1102,83.114,13.163
1103,83.186,13.22
1104,83.02,13.337
1105,82.997,13.276
1106,83.036,13.321
1107,83.038,13.345
1108,83.03,13.434
1109,82.983,13.351
1110,82.987,13.483
1111,83.008,13.452
1112,82.964,13.462
1113,82.981,13.44
1114,82.927,13.451
1115,82.992,13.415
1116,83.048,13.457
1117,83.072,13.373
1118,83.033,13.404
1119,83.01,13.408
1120,83.143,13.384
1121,83.155,13.274
1122,83.229,13.308
1123,83.305,13.32
1124,83.334,13.233
1125,83.304,13.216
1126,83.395,13.21
1127,83.449,13.159
1128,83.571,13.132
1129,83.622,13.088
1130,83.68,13.053
1131,83.725,12.954
1132,83.802,12.97
1133,83.858,12.91
1134,83.995,12.807
1135,84.111,12.726
1136,84.152,12.745
1137,84.269,12.66
1138,84.389,12.569
1139,84.499,12.512
1140,84.538,12.449
1141,84.695,12.358
1142,84.825,12.233
1143,84.918,12.132
1144,85.018,12.092
1145,85.143,11.96
1146,85.245,11.979
1147,85.377,11.787
1148,85.545,11.671
1149,85.722,11.668
1150,85.813,11.529
1151,85.928,11.488
1152,86.054,11.316
1153,86.216,11.21
1154,86.303,11.069
1155,86.477,10.951
1156,86.682,10.805
1157,86.816,10.779
1158,86.955,10.593
1159,87.062,10.584
1160,87.295,10.395
1161,87.476,10.264
1162,87.595,10.137
1163,87.74,10.022
1164,87.921,9.8985
1165,88.095,9.7488
1166,88.311,9.6546
1167,88.452,9.4825
1168,88.609,9.2954
1169,88.807,9.196
1170,88.987,9.0853
1171,89.166,8.9406
1172,89.338,8.7989
1173,89.582,8.6539
1174,89.734,8.4009
1175,89.916,8.3598
1176,90.141,8.1834
1177,90.278,8.019
1178,90.48,7.9344
1179,90.677,7.6873
1180,90.878,7.5506
1181,91.09,7.467
1182,91.247,7.2664
1183,91.442,7.1265
1184,91.64,6.9735
1185,91.837,6.7712
1186,91.998,6.6766
1187,92.217,6.4547
1188,92.432,6.4134
1189,92.598,6.1971
1190,92.823,6.0633
1191,93.016,5.8942
1192,93.202,5.7552
1193,93.358,5.5483
1194,93.519,5.4448
1195,93.743,5.2396
1196,93.952,5.0405
1197,94.122,4.9419
1198,94.308,4.7615
1199,94.492,4.6263
1200,94.73,4.521
1201,94.849,4.4087
1202,95.077,4.2125
1203,95.27,4.0304
1204,95.403,3.9012
1205,95.592,3.7225
1206,95.797,3.6157
1207,95.977,3.4339
1208,96.121,3.3136
1209,96.213,3.1327
1210,96.455,3.0452
1211,96.649,2.9495
1212,96.745,2.7866
1213,96.926,2.6241
1214,97.113,2.5244
1215,97.189,2.3925
1216,97.415,2.3322
1217,97.481,2.1532
1218,97.685,2.0343
1219,97.801,1.9213
1220,97.987,1.7995
1221,98.063,1.7782
1222,98.204,1.6098
1223,98.275,1.5043
1224,98.447,1.3425
1225,98.534,1.306
1226,98.635,1.2424
1227,98.7,1.063
1228,98.807,1.04
1229,98.915,1.023
1230,99.019,0.81782
1231,99.102,0.80943
1232,99.252,0.72483
1233,99.245,0.6426
1234,99.41,0.57006
1235,99.41,0.48914
1236,99.512,0.47724
1237,99.553,0.45616
1238,99.568,0.35482
1239,99.654,0.28942
1240,99.689,0.27049
1241,99.727,0.23901
1242,99.755,0.19839
1243,99.795,0.20113
1244,99.872,0.18594
1245,99.845,0.17153
1246,99.862,0.12514
1247,99.91,0.10447
1248,99.887,0.11599
1249,99.903,0.11867
1250,99.856,0.11772
1251,99.865,0.09109
1252,99.821,0.10028
1253,99.811,0.15558
1254,99.775,0.10508
1255,99.758,0.14721
1256,99.766,0.21912
1257,99.7,0.21448
1258,99.647,0.26636
1259,99.603,0.28148
1260,99.559,0.33239
1261,99.528,0.36575
1262,99.44,0.47098
1263,99.364,0.48659
1264,99.281,0.55944
1265,99.22,0.57989
1266,99.222,0.65337
1267,99.077,0.69348
1268,98.975,0.83117
1269,98.922,0.78603
1270,98.823,0.96873
1271,98.696,1.0217
1272,98.624,1.0868
1273,98.54,1.1419
1274,98.391,1.2638
1275,98.294,1.4186
1276,98.203,1.4808
1277,98.148,1.5306
1278,97.991,1.6141
1279,97.888,1.7274
1280,97.729,1.8623
1281,97.581,1.9728
1282,97.508,2.0864
1283,97.382,2.1788
1284,97.23,2.3315
1285,97.087,2.3483
1286,96.995,2.5575
1287,96.853,2.5649
1288,96.696,2.7349
1289,96.58,2.8208
1290,96.441,2.9299
1291,96.282,3.0814
1292,96.135,3.2589
1293,95.975,3.408
1294,95.808,3.4907
1295,95.637,3.6155
1296,95.545,3.7408
1297,95.384,3.8652
1298,95.237,4.0222
1299,95.1,4.1639
1300,94.895,4.3103
1301,94.727,4.4255
1302,94.624,4.5438
1303,94.481,4.7181
1304,94.267,4.8643
1305,94.122,4.9419
1306,93.973,5.0759
1307,93.805,5.2498
1308,93.649,5.411
1309,93.533,5.4843
1310,93.353,5.6394
1311,93.166,5.8019
1312,93.032,5.8642
1313,92.903,6.0462
1314,92.689,6.1486
1315,92.54,6.2866
1316,92.375,6.4188
1317,92.191,6.6017
1318,92.068,6.7265
1319,91.9,6.8737
1320,91.742,7.0606
1321,91.599,7.1426
1322,91.471,7.3062
1323,91.295,7.3895
1324,91.115,7.5498
1325,91.009,7.6355
1326,90.846,7.8146
1327,90.743,7.9528
1328,90.544,8.0845
1329,90.37,8.1647
1330,90.285,8.3932
1331,90.122,8.4946
1332,89.929,8.6153
1333,89.803,8.7604
1334,89.674,8.8855
1335,89.523,8.9855
1336,89.369,9.0673
1337,89.257,9.236
1338,89.07,9.3015
1339,88.977,9.4869
1340,88.849,9.5576
1341,88.72,9.6635
1342,88.546,9.8152
1343,88.479,9.9163
1344,88.276,10.056
1345,88.171,10.176
1346,88.028,10.277
1347,87.936,10.36
1348,87.769,10.494
1349,87.67,10.654
1350,87.601,10.74
1351,87.405,10.773
1352,87.317,10.897
1353,87.216,11.014
1354,87.094,11.166
1355,86.972,11.213
1356,86.888,11.309
1357,86.707,11.439
1358,86.646,11.566
1359,86.563,11.69
1360,86.398,11.728
1361,86.351,11.834
1362,86.18,11.876
1363,86.06,11.95
1364,86.011,12.09
1365,85.878,12.139
1366,85.82,12.282
1367,85.758,12.37
1368,85.649,12.406
1369,85.511,12.47
1370,85.423,12.56
1371,85.341,12.671
1372,85.315,12.716
1373,85.162,12.831
1374,85.096,12.877
1375,85.05,12.958
1376,84.958,13.053
1377,84.851,13.124
1378,84.756,13.139
1379,84.692,13.253
1380,84.598,13.283
1381,84.603,13.35
1382,84.5,13.388
1383,84.4,13.49
1384,84.356,13.52
1385,84.324,13.558
1386,84.231,13.642
1387,84.203,13.669
1388,84.081,13.683
1389,84.094,13.817
1390,84,13.84
1391,84,13.894
1392,83.891,13.957
1393,83.815,13.961
1394,83.817,14.071
1395,83.742,14.041
1396,83.685,14.169
1397,83.595,14.14
1398,83.589,14.174
1399,83.563,14.256
1400,83.508,14.237
1401,83.49,14.273
1402,83.441,14.3
1403,83.416,14.32
1404,83.344,14.372
1405,83.351,14.415
1406,83.289,14.423
1407,83.25,14.447
1408,83.246,14.493
1409,83.22,14.514
1410,83.133,14.464
1411,83.2,14.545
1412,83.12,14.558
1413,83.137,14.589
1414,83.107,14.592
1415,83.078,14.618
1416,83.04,14.569
1417,83.042,14.591
1418,83.054,14.577
1419,83.016,14.651
1420,83.019,14.59
1421,83.004,14.637
1422,83.029,14.669
1423,83.001,14.659
1424,82.983,14.648
1425,83.024,14.654
1426,82.992,14.67
1427,83.02,14.653
1428,83,14.663
1429,83.069,14.691
1430,83.037,14.671
1431,83.026,14.593
1432,83.001,14.624
1433,83.039,14.643
1434,83.051,14.619
1435,83.075,14.635
1436,83.068,14.561
1437,83.079,14.563
1438,83.133,14.526
1439,83.118,14.542
1440,83.149,14.502
1441,83.21,14.489
1442,83.242,14.481
1443,83.271,14.45
1444,83.248,14.385
1445,83.274,14.474
1446,83.325,14.359
1447,83.368,14.325
1448,83.357,14.282
1449,83.431,14.31
1450,83.458,14.307
1451,83.462,14.195
1452,83.555,14.213
1453,83.594,14.172
1454,83.608,14.121
1455,83.642,14.08
1456,83.679,14.073
1457,83.755,14.033
1458,83.784,14.008
1459,83.841,13.987
1460,83.877,13.9
1461,83.896,13.823
1462,83.976,13.782
1463,84.024,13.828
1464,84.106,13.733
1465,84.13,13.672
1466,84.211,13.667
1467,84.236,13.559
1468,84.241,13.48
1469,84.348,13.43
1470,84.436,13.474
1471,84.496,13.385
1472,84.544,13.281
1473,84.589,13.239
1474,84.651,13.192
1475,84.703,13.176
1476,84.77,13.075
1477,84.852,13.022
1478,84.918,12.973
1479,84.96,12.839
1480,85.041,12.841
1481,85.141,12.804
1482,85.202,12.695
1483,85.287,12.695
1484,85.353,12.553
1485,85.438,12.566
1486,85.482,12.523
1487,85.578,12.399
1488,85.679,12.359
1489,85.767,12.288
1490,85.822,12.2
1491,85.906,12.115
1492,86.012,12.055
1493,86.09,11.989
1494,86.152,11.87
1495,86.242,11.844
1496,86.288,11.736
1497,86.409,11.696
1498,86.495,11.567
1499,86.602,11.54
1500,86.639,11.433
1501,86.756,11.418
1502,86.852,11.304
1503,86.93,11.271
1504,87.043,11.14
1505,87.171,11.052
1506,87.216,11.038
1507,87.333,10.922
1508,87.426,10.778
1509,87.504,10.745
1510,87.621,10.616
1511,87.769,10.562
1512,87.822,10.459
1513,87.923,10.398
1514,88.028,10.347
1515,88.115,10.212
1516,88.18,10.178
1517,88.305,10.049
1518,88.418,9.9771
1519,88.541,9.8402
1520,88.609,9.766
1521,88.77,9.6532
1522,88.814,9.5988
1523,88.918,9.5124
1524,89.043,9.3968
1525,89.162,9.3411
1526,89.266,9.2517
1527,89.363,9.121
1528,89.448,9.0742
1529,89.593,8.9751
1530,89.668,8.8975
1531,89.82,8.8573
1532,89.886,8.6608
1533,90.047,8.6071
1534,90.095,8.4534
1535,90.234,8.4036
1536,90.345,8.3105
1537,90.459,8.2339
1538,90.582,8.117
1539,90.682,7.9552
1540,90.776,7.9142
1541,90.922,7.8351
1542,91.027,7.7264
1543,91.152,7.682
1544,91.231,7.5376
1545,91.389,7.4489
1546,91.426,7.3377
1547,91.555,7.1991
1548,91.696,7.0611
1549,91.808,7.028
1550,91.91,6.9444
1551,92.044,6.8542
1552,92.111,6.7215
1553,92.306,6.6728
1554,92.388,6.5646
1555,92.481,6.5022
1556,92.563,6.3938
1557,92.682,6.2825
1558,92.849,6.2104
1559,92.936,6.1175
1560,93.091,5.9606
1561,93.16,5.8767
1562,93.273,5.7872
1563,93.36,5.6908
1564,93.45,5.6226
1565,93.647,5.4115
1566,93.668,5.3665
1567,93.833,5.314
1568,93.918,5.1826
1569,94.049,5.1942
1570,94.145,5.0645
1571,94.3,4.9743
1572,94.359,4.8147
1573,94.467,4.7703
1574,94.623,4.6364
1575,94.691,4.5062
1576,94.815,4.5526
1577,94.929,4.4143
1578,95.025,4.3651
1579,95.117,4.2904
1580,95.271,4.137
1581,95.328,3.9898
1582,95.425,3.9405
1583,95.567,3.806
1584,95.596,3.8038
1585,95.717,3.7215
1586,95.814,3.614
1587,95.97,3.5186
1588,96.123,3.4607
1589,96.182,3.327
1590,96.259,3.2961
1591,96.288,3.1808
1592,96.44,3.0758
1593,96.572,2.9941
1594,96.588,2.8894
1595,96.671,2.9
1596,96.808,2.7958
1597,96.811,2.6944
1598,96.956,2.5903
1599,97.077,2.5311
1600,97.104,2.5536
1601,97.23,2.4314
1602,97.294,2.3887
1603,97.409,2.2724
1604,97.468,2.2362
1605,97.56,2.1067
1606,97.694,2.0223
1607,97.7,2.0243
1608,97.791,1.9078
1609,97.885,1.8507
1610,97.949,1.7902
1611,98.083,1.7402
1612,98.075,1.6558
1613,98.183,1.6038
1614,98.212,1.5226
1615,98.37,1.4451
1616,98.368,1.3768
1617,98.43,1.3684
1618,98.518,1.2962
1619,98.595,1.2502
1620,98.635,1.1575
1621,98.664,1.2011
1622,98.782,1.1232
1623,98.887,0.99126
1624,98.875,1.0649
1625,98.96,0.84635
1626,98.975,0.90469
1627,99.043,0.81098
1628,99.047,0.78766
1629,99.196,0.78467
1630,99.218,0.82006
1631,99.242,0.70324
1632,99.238,0.61871
1633,99.241,0.62545
1634,99.374,0.55881
1635,99.367,0.56297
1636,99.434,0.47912
1637,99.495,0.46729
1638,99.54,0.46718
1639,99.527,0.3557
1640,99.533,0.39685
1641,99.529,0.31186
1642,99.637,0.32774
1643,99.659,0.2977
1644,99.642,0.2254
1645,99.694,0.24546
1646,99.815,0.22873
1647,99.688,0.23942
1648,99.828,0.21992
1649,99.857,0.16907
1650,99.779,0.16631
1651,99.792,0.14139
1652,99.849,0.17065
1653,99.8,0.15239
1654,99.852,0.11259
1655,99.854,0.04123
1656,99.858,0.18823
1657,99.877,0.06279
1658,99.843,0.06582
1659,99.909,0.06124
1660,99.85,0.10947
1661,99.892,0.01645
1662,99.912,0.07217
1663,99.863,0.09558
1664,99.836,0.12252
1665,99.921,0.12711
1666,99.882,0.09376
1667,99.847,0.14756
1668,99.841,0.08443
1669,99.787,0.11043
1670,99.909,0.10506
1671,99.688,0.181
1672,99.821,0.09159
1673,99.773,0.101
1674,99.692,0.08701
1675,99.728,0.1332
1676,99.803,0.1557
1677,99.689,0.23981
1678,99.701,0.30173
1679,99.733,0.22128
1680,99.59,0.14256
1681,99.6,0.26046
1682,99.542,0.22451
1683,99.58,0.39481
1684,99.472,0.32644
1685,99.463,0.33152
1686,99.386,0.4038
1687,99.38,0.38892
1688,99.303,0.44775
1689,99.397,0.4698
1690,99.233,0.47055
1691,99.216,0.59833
1692,99.144,0.57443
1693,99.138,0.58989
1694,99.083,0.5952
1695,99.047,0.82871
1696,98.946,0.74427
1697,98.905,0.81127
1698,98.843,0.94767
1699,98.776,0.78794
1700,98.749,0.96883
1701,98.7,1.0238
1702,98.615,0.9788
1703,98.539,1.095
1704,98.452,1.0642
1705,98.419,1.1353
1706,98.438,1.2086
1707,98.226,1.2099
1708,98.249,1.3913
1709,98.188,1.4873
1710,98.122,1.412
1711,98.1,1.3842
1712,97.958,1.5226
1713,97.935,1.4688
1714,97.982,1.5671
1715,97.807,1.6919
1716,97.775,1.7328
1717,97.776,1.8175
1718,97.661,1.8136
1719,97.552,1.7321
1720,97.484,1.9315
1721,97.405,2.053
1722,97.404,2.0219
1723,97.339,2.1646
1724,97.24,2.1768
1725,97.252,2.222
1726,97.046,2.2831
1727,97.037,2.4056
1728,96.847,2.3837
1729,96.898,2.5179
1730,96.763,2.6581
1731,96.696,2.6851
1732,96.685,2.6962
1733,96.568,2.8008
1734,96.422,2.7884
1735,96.406,2.76
1736,96.249,2.9714
1737,96.168,3.0663
1738,96.083,3.1845
1739,95.962,3.109
1740,96.053,3.3332
1741,95.895,3.3129
1742,95.833,3.3206
1743,95.766,3.4508
1744,95.686,3.5422
1745,95.597,3.6243
1746,95.552,3.7007
1747,95.409,3.6509
1748,95.308,3.8666
1749,95.285,3.8464
1750,95.179,3.9416
1751,95.05,4.0182
1752,95.022,4.1583
1753,94.944,4.2283
1754,94.809,4.152
1755,94.787,4.2649
1756,94.744,4.3864
1757,94.54,4.4491
1758,94.457,4.4162
1759,94.437,4.5971
1760,94.306,4.6825
1761,94.222,4.718
1762,94.107,4.7389
1763,94.035,4.7908
1764,93.966,4.8724
1765,93.814,5.0084
1766,93.773,5.04
1767,93.626,5.0871
1768,93.661,5.1817
1769,93.57,5.2222
1770,93.506,5.2509
1771,93.382,5.4224
1772,93.246,5.4505
1773,93.193,5.632
1774,93.013,5.6258
1775,93,5.7585
1776,92.932,5.8224
1777,92.844,5.8298
1778,92.722,5.8369
1779,92.752,6.0386
1780,92.563,6.066
1781,92.493,6.1261
1782,92.46,6.2488
1783,92.387,6.2843
1784,92.253,6.4156
1785,92.186,6.5365
1786,92.096,6.545
1787,92.056,6.5574
1788,91.975,6.6587
1789,91.774,6.6317
1790,91.737,6.8551
1791,91.532,6.8657
1792,91.596,6.9635
1793,91.491,7.0114
1794,91.354,7.1376
1795,91.279,7.2154
1796,91.221,7.2162
1797,91.133,7.36
1798,91.128,7.4099
1799,90.969,7.4197
1800,90.946,7.546
1801,90.915,7.6591
1802,90.72,7.6598
1803,90.633,7.6495
1804,90.687,7.7762
1805,90.551,7.857
1806,90.424,8.0515
1807,90.397,7.9654
1808,90.321,8.0974
1809,90.235,8.1039
1810,90.196,8.2364
1811,90.105,8.38
1812,90.051,8.4448
1813,89.96,8.405
1814,89.662,8.5623
1815,89.729,8.5226
1816,89.749,8.7566
1817,89.591,8.9162
1818,89.655,8.9048
1819,89.606,8.7767
1820,89.532,9.0707
1821,89.24,9.0401
1822,89.247,9.1712
1823,89.171,9.1793
1824,89.055,9.3156
1825,89.031,9.3146
1826,88.966,9.2749
1827,88.685,9.282
1828,88.741,9.4767
1829,88.731,9.4696
1830,88.67,9.5557
1831,88.661,9.6104
1832,88.623,9.6898
1833,88.536,9.8678
1834,88.447,9.8334
1835,88.313,9.9883
1836,88.168,10.01
1837,88.126,9.9025
1838,88.091,10.009
1839,88.007,10.114
1840,87.898,10.162
1841,87.88,10.321
1842,87.886,10.265
1843,87.77,10.389
1844,87.731,10.436
1845,87.674,10.514
1846,87.524,10.637
1847,87.428,10.47
1848,87.545,10.638
1849,87.392,10.748
1850,87.284,10.456
1851,87.183,10.979
1852,87.269,10.848
1853,87.213,11.035
1854,87.018,11.009
1855,87.028,10.965
1856,86.899,11.08
1857,86.861,11.076
1858,86.896,11.227
1859,86.784,11.354
1860,86.67,11.303
1861,86.692,11.162
1862,86.624,11.198
1863,86.405,11.559
1864,86.555,11.338
1865,86.343,11.466
1866,86.404,11.493
1867,86.121,11.547
1868,86.177,11.734
1869,86.268,11.658
1870,86.063,11.968
1871,86.027,11.828
1872,86.1,12.091
1873,86.013,11.756
1874,86.051,11.821
1875,86.094,12.015
1876,85.897,11.924
1877,85.659,11.84
1878,85.768,12.132
1879,85.685,12.088
1880,85.592,12.168
1881,85.642,12.425
1882,85.569,12.382
1883,85.478,12.412
1884,85.52,12.295
1885,85.353,12.43
1886,85.4,12.361
1887,85.336,12.555
1888,85.16,12.672
1889,85.313,12.617
1890,85.106,12.497
1891,85.015,12.658
1892,85.012,12.656
1893,85.037,12.856
1894,84.97,12.8
1895,85.04,12.902
1896,84.979,12.74
1897,84.711,12.914
1898,84.646,13.012
1899,84.741,13.005
1900,84.777,12.978
1901,84.567,12.776
1902,84.666,13.02
1903,84.558,13.205
1904,84.525,13.045
1905,84.395,13.253
1906,84.361,13.07
1907,84.549,13.194
1908,84.382,13.074
1909,84.345,13.327
1910,84.433,13.521
1911,84.316,13.335
1912,84.311,13.457
1913,84.26,13.222
1914,84.233,13.317
1915,84.093,13.442
1916,84.152,13.349
1917,84.305,13.51
1918,84.137,13.455
1919,83.989,13.428
1920,84.178,13.638
1921,84.019,13.511
1922,84.144,13.707
1923,84.084,13.578
1924,84.008,13.663
1925,84.056,13.714
1926,84.027,13.79
1927,83.919,13.847
1928,83.849,13.879
1929,83.854,13.707
1930,83.838,13.866
1931,83.888,13.708
1932,83.738,13.838
1933,83.833,13.904
1934,83.726,13.813
1935,83.786,14.111
1936,83.919,14.079
1937,83.614,14
1938,83.656,14.168
1939,83.642,13.978
1940,83.541,13.965
1941,83.685,14.089
1942,83.632,13.998
1943,83.541,14.012
1944,83.482,14.166
1945,83.541,14.135
1946,83.446,14.19
1947,83.322,14.093
1948,83.471,14.265
1949,83.469,14.323
1950,83.415,14.136
1951,83.455,14.279
1952,83.547,14.36
1953,83.342,14.291
1954,83.203,14.147
1955,83.551,14.197
1956,83.424,14.283
1957,83.432,14.282
1958,83.244,14.411
1959,83.323,14.371
1960,83.374,14.467
1961,83.198,14.362
1962,83.465,14.554
1963,83.185,14.308
1964,83.301,14.52
1965,83.244,14.452
1966,83.204,14.431
1967,83.231,14.219
1968,83.318,14.459
1969,83.232,14.462
1970,83.386,14.47
1971,83.312,14.634
1972,83.299,14.634
1973,83.246,14.573
1974,83.26,14.594
1975,83.111,14.504
1976,83.315,14.506
1977,83.253,14.422
1978,83.126,14.519
1979,83.022,14.566
1980,83.344,14.668
1981,83.241,14.497
1982,83.398,14.564
1983,83.224,14.619
1984,83.234,14.33
1985,83.338,14.617
1986,83.453,14.853
1987,83.272,14.547
1988,83.195,14.7
1989,83.178,14.597
1990,83.175,14.345
1991,83.171,14.394
1992,83.342,14.517
1993,83.388,14.508
1994,83.164,14.707
1995,83.301,14.518
1996,83.196,14.612
1997,83.142,14.572
1998,83.116,14.582
1999,83.15,14.443
2000,83.265,14.614
2001,82.875,14.475
2002,83.1,14.546
2003,83.316,14.416
2004,83.06,14.444
2005,83.446,14.667
2006,83.295,14.551
2007,83.142,14.405
2008,83.114,14.465
2009,83.11,14.628
2010,83.381,14.575
2011,83.418,14.678
2012,83.335,14.531
2013,83.332,14.481
2014,83.294,14.316
2015,83.232,14.466
2016,83.549,14.632
2017,83.462,14.508
2018,83.323,14.421
2019,83.388,14.494
2020,83.344,14.296
2021,83.486,14.471
2022,83.354,14.376
2023,83.427,14.517
2024,83.425,14.289
2025,83.299,14.387
2026,83.408,14.308
2027,83.497,14.363
2028,83.547,14.299
2029,83.389,14.065
2030,83.555,14.406
2031,83.524,14.58
2032,83.331,14.332
2033,83.482,14.232
2034,83.683,14.334
2035,83.45,14.125
2036,83.365,14.014
2037,83.661,14.318
2038,83.721,14.219
2039,83.573,14.082
2040,83.565,14.004
2041,83.49,13.954
2042,83.712,14.338
2043,83.91,14.541
2044,83.771,14.231
2045,83.775,14.171
2046,83.786,14.178
2047,83.621,13.99
2048,83.778,14.192
2049,84.004,14.28
2050,83.924,14.118
2051,83.79,14.144
2052,84.142,14.133
2053,83.84,13.596
2054,83.876,13.972
2055,83.872,14.01
2056,84.256,14.004
2057,83.903,13.719
2058,83.931,13.495
2059,83.944,13.84
2060,84.183,13.716
2061,83.72,13.895
2062,84.216,13.762
2063,84.364,14.042
2064,84.243,13.549
2065,84.089,13.741
2066,84.367,13.808
2067,84.046,13.481
2068,84.16,13.698
2069,84.224,13.536
2070,84.364,13.992
2071,84.39,13.564
2072,84.458,13.684
2073,84.168,13.617
2074,84.461,13.27
2075,84.671,13.677
2076,84.711,13.445
2077,84.552,13.288
2078,84.644,13.476
2079,84.674,13.553
2080,84.701,13.283
2081,84.792,13.796
2082,84.649,13.255
2083,84.546,13.157
2084,84.862,13.214
2085,84.888,13.034
2086,84.739,13.071
2087,84.871,13.306
2088,84.786,13.12
2089,84.989,12.941
2090,85.142,12.876
2091,84.898,12.965
2092,85.013,12.767
2093,84.846,12.964
2094,85.47,12.975
2095,85.019,12.892
2096,84.995,12.826
2097,84.993,12.803
2098,85.219,13.128
2099,85.308,13.068
2100,85.281,12.635
2101,85.526,12.821
2102,85.442,12.703
2103,85.491,12.552
2104,85.557,12.492
2105,85.511,12.809
2106,85.434,12.62
2107,85.682,12.427
2108,85.433,12.295
2109,85.678,12.504
2110,85.764,12.525
2111,85.692,12.544
2112,85.802,12.607
2113,85.71,12.052
2114,85.768,12.181
2115,85.72,12.328
2116,85.947,12.263
2117,85.823,12.233
2118,86.015,11.923
2119,85.895,12.07
2120,86.115,11.853
2121,86.179,12.077
2122,86.212,12.067
2123,85.984,11.954
2124,86.269,12.194
2125,86.304,11.843
2126,86.613,11.717
2127,86.197,12.011
2128,86.409,11.861
2129,86.302,11.507
2130,86.339,11.97
2131,86.539,11.698
2132,86.425,11.732
2133,86.789,11.749
2134,86.814,11.141
2135,86.539,11.527
2136,87.073,11.539
2137,86.847,11.383
2138,87.045,11.493
2139,86.952,11.432
2140,86.783,11.338
2141,87.206,11.613
2142,87.01,11.286
2143,87.311,11.382
2144,86.993,10.87
2145,87.097,11.412
2146,87.577,11.216
2147,87.296,10.862
2148,87.147,11.016
2149,87.491,11.346
2150,87.468,11.205
2151,87.117,10.852
2152,87.313,10.859
2153,87.345,10.425
2154,87.681,10.874
2155,87.543,10.831
2156,88.031,11.006
2157,87.459,11.074
2158,87.705,10.587
2159,88.019,10.96
2160,87.698,10.363
2161,87.947,10.94
2162,87.8,10.748
2163,87.801,10.749
2164,88.172,10.344
2165,88.428,10.619
2166,87.908,10.309
2167,88.225,9.9371
2168,88.536,10.398
2169,88.405,10.216
2170,88.536,10.047
2171,88.339,9.7238
2172,88.88,9.8929
2173,88.193,10.056
2174,88.607,9.8305
2175,88.763,10.154
2176,88.611,10.37
2177,88.572,9.612
2178,88.357,9.7399
2179,88.893,9.5436
2180,89.096,9.9943
2181,88.747,9.2757
2182,88.85,9.6492
2183,89.064,9.4686
2184,89.12,9.3529
2185,89.042,9.417
2186,89.069,9.3936
2187,88.834,9.105
2188,89.515,9.3298
2189,89.193,9.2331
2190,89.33,9.2958
2191,89.398,9.0447
2192,89.457,8.7036
2193,89.355,8.7021
2194,89.853,9.3418
2195,90.213,9.2806
2196,89.799,8.7506
2197,89.842,8.7223
2198,89.43,9.091
2199,90.228,8.8267
2200,89.98,8.9305
2201,90.073,8.5107
2202,90.086,8.5023
2203,90.173,9.0727
2204,90.119,8.7082
2205,90.012,8.4
2206,90.236,8.3298
2207,90.338,8.1655
2208,90.323,8.3027
2209,90.322,8.2485
2210,90.655,7.9314
2211,90.652,8.0733
2212,90.57,8.2257
2213,90.849,8.2239
2214,90.749,7.8992
2215,90.48,8.1817
2216,91.034,7.9083
2217,90.578,8.0468
2218,90.968,8.2394
2219,91.026,8.3005
2220,90.93,8.1975
2221,90.827,7.5942
2222,90.916,7.8287
2223,91.245,7.6238
2224,91.005,7.7257
2225,90.962,7.4334
2226,91.233,7.4929
2227,91.007,7.6194
2228,92.036,7.216
2229,91.159,7.1024
2230,91.476,7.4703
2231,91.94,7.2019
2232,91.471,6.8513
2233,91.879,7.7745
2234,92.006,7.5922
2235,91.84,7.1821
2236,91.783,7.0983
2237,91.846,7.1958
2238,91.677,6.8842
2239,91.722,6.8673
2240,92.011,6.3228
2241,92.038,7.0185
2242,92.048,7.1146
2243,91.995,6.6415
2244,92.13,7.0434
2245,92.116,6.7817
2246,91.863,6.659
2247,92.093,7.6112
2248,91.885,5.9243
2249,92.191,6.0258
2250,92.247,6.0998
2251,92.418,5.9769
2252,92.258,5.9429
2253,92.863,6.4862
2254,92.399,6.5587
2255,92.452,6.1989
2256,92.949,6.1985
2257,92.694,6.2132
2258,92.386,5.8808
2259,93.071,6.0098
2260,92.889,6.0616
2261,93.013,6.1686
2262,93.094,6.0797
2263,93.136,6.252
2264,93.009,5.7747
2265,92.891,5.7967
2266,93.48,5.5747
2267,93.816,6.0159
2268,94.024,5.9392
2269,93.781,5.6726
2270,93.438,4.8981
2271,93.732,5.6287
2272,93.163,4.9398
2273,93.81,5.2671
2274,93.965,5.0488
2275,94.677,5.1112
2276,93.677,4.9948
2277,93.547,5.1053
2278,94.352,4.9782
2279,93.701,5.123
2280,94.349,5.1796
2281,94.033,4.8863
2282,93.992,4.8593
2283,94.319,4.8188
2284,93.587,4.4694
2285,94.335,5.2389
2286,94.138,4.3585
2287,94.544,4.5132
2288,94.383,5.1269
2289,94.58,4.786
2290,94.084,4.4133
2291,94.832,4.8576
2292,94.808,4.8037
2293,94.487,4.4729
2294,94.708,4.1933
2295,94.301,4.2471
2296,93.978,4.5628
2297,95.213,4.3907
2298,94.367,4.147
2299,94.837,3.9902
2300,94.575,3.8618
2301,94.462,4.7905
2302,94.979,3.4963
2303,94.964,4.1396
2304,95.065,4.1254
2305,94.999,3.6801
2306,94.971,3.892
2307,95.814,4.0132
2308,95.369,3.5707
2309,95.813,4.0567
2310,95.073,3.592
2311,95.567,3.2392
2312,95.084,3.8315
2313,95.369,3.5934
2314,95.136,3.9621
2315,95.032,3.6742
2316,96.329,3.159
2317,95.765,3.3282
2318,95.433,3.9959
2319,95.634,3.7845
2320,95.631,3.2619
2321,95.754,3.3116
2322,96.169,2.9166
2323,96.317,3.5747
2324,95.75,3.333
2325,96.031,2.9771
2326,95.737,3.3994
2327,96.393,3.4634
2328,96.473,3.309
2329,96.26,3.0348
2330,96.313,2.3514
2331,95.996,2.8783
2332,96.07,2.369
2333,96.199,2.8558
2334,97.042,2.3201
2335,96.356,2.6982
2336,96.422,3.185
2337,96.028,2.4631
2338,97.099,2.5446
2339,96.194,3.198
2340,96.435,2.3953
2341,96.873,2.1091
2342,96.482,2.526
2343,96.174,2.1794
2344,96.641,2.0836
2345,96.585,2.244
2346,96.603,1.9265
2347,96.899,2.7151
2348,96.944,2.6875
2349,96.91,2.0718
2350,96.731,1.7984
2351,97.544,1.7005
2352,96.198,2.1586
2353,96.86,1.8521
2354,97.093,2.2835
2355,97.951,2.4592
2356,96.833,2.1561
2357,97.121,1.9784
2358,97.083,2.7252
2359,97.477,1.7368
2360,97.549,0.84344
2361,96.96,1.2762
2362,96.501,1.9717
2363,97.556,1.4089
2364,97.451,1.9472
2365,97.693,1.0428
2366,97.696,2.3184
2367,97.251,0.97614
2368,98.582,1.6637
2369,97.404,1.8765
2370,97.849,0.72925
2371,97.916,0.95506
2372,97.874,2.1245
2373,97.016,1.7026
2374,98.783,1.6865
2375,97.848,1.0441
2376,98.189,1.4803
2377,98.745,1.6802
2378,98.85,1.0651
2379,98.048,1.2255
2380,97.615,0.99679
2381,97.434,1.0333
2382,98.552,1.8604
2383,98.23,0.59384
2384,98.854,1.6182
2385,99.031,1.1649
2386,98.168,1.3724
2387,98.011,1.1247
2388,97.543,1.4614
2389,98.294,0.60219
2390,97.877,0.82495
2391,98.356,1.3799
2392,98.794,1.2587
2393,97.5,1.8583
2394,98.348,0.84328
2395,98.562,1.4727
2396,99.04,1.4943
2397,99.477,1.8818
2398,99.676,1.2102
2399,98.938,0.98627
2400,99.183,0.10143
2401,98.926,1.3032
2402,98.599,0.76188
2403,98.566,1.3114
2404,98.725,0.45396
2405,98.493,0.29315
2406,98.432,1.2782
2407,98.172,1.4144
2408,98.783,0.57566
2409,98.874,0.43783
2410,99.16,0.87162
2411,99.625,0.31236
2412,98.782,1.4115
2413,99.426,1.0479
2414,99.222,0.30346
2415,98.708,0.33627
2416,98.7,0.55213
2417,99.342,0.37607
2418,99.598,0.52965
2419,98.332,0.19293
2420,98.22,0.87068
2421,99.612,0.54531
2422,99.06,0.17026
2423,99.341,0.32509
2424,98.902,0.03427
2425,99.737,0.62853
2426,98.895,0.26995
2427,99.55,0.14615
2428,99.237,0.60061
2429,98.394,0.16134
2430,99.163,0.4462
2431,98.459,0.66583
2432,98.679,0.69074
2433,99.672,0.42677
2434,98.618,0.29742
2435,98.889,0.24385
2436,99.471,0.71951
2437,99.629,0.64116
2438,98.566,0.13507
2439,98.218,0.25584
2440,99.484,1.1337
2441,99.359,0.23463
2442,99.25,0.67596
2443,98.101,0.62306
2444,98.956,0.59182
2445,99.965,0.34454
2446,99.526,0.34154
2447,98.834,0.39549
2448,99.73,0.34051
2449,99.941,1.4817
2450,99.599,0.03954
2451,99.865,0.46155
2452,99.645,0.7701
2453,99.437,0.62547
2454,99.716,0.25785
2455,97.554,0.13408
2456,99.788,0.15316
2457,99.248,0.45641
2458,99.672,0.91091
2459,98.752,1.0764
2460,99.953,0.65014
2461,98.61,0.49879
2462,99.699,0.25812
2463,99.562,0.31305
2464,99.675,0.11161
2465,98.884,0.72533
2466,98.932,0.14042
2467,99.979,2.6208
2468,99.961,0.5774
2469,99.585,0.31336
2470,99.001,0.30386
2471,98.923,0.12174
2472,99.873,0.1021
2473,99.678,0.40142
2474,98.457,0.33025
2475,98.409,0.7559
2476,99.759,0.83694
2477,98.966,0.91214
2478,99.375,0.33881
2479,98.183,0.42999
2480,99.64,0.85813
2481,99.407,0.83176
2482,99.107,0.0063
2483,99.689,0.40175
2484,98.192,0.29175
2485,99.213,0.64637
2486,99.073,0.39982
2487,99.232,0.38991
2488,99.958,1.3745
2489,98.353,0.11192
2490,98.29,0.35715
2491,99.66,0.60971
2492,98.5,0.23634
2493,99.295,0.32386
2494,99.407,0.76668
2495,99.375,0.45769
2496,97.859,1.4896
2497,99.491,0.30562
2498,99.267,0.75441
2499,98.503,0.30388
2500,97.569,1.9468
